Field [mT]	Moment [Am^2]	Fitted Moment [Am^2]
19.99	1.7240e+01	1.7359e+01
19.99	1.7651e+01	1.7354e+01
19.98	1.7517e+01	1.7347e+01
19.98	1.7425e+01	1.7342e+01
19.97	1.7334e+01	1.7331e+01
19.97	1.7291e+01	1.7326e+01
19.96	1.7239e+01	1.7311e+01
19.95	1.7226e+01	1.7304e+01
19.94	1.7156e+01	1.7286e+01
19.94	1.7115e+01	1.7276e+01
19.92	1.7052e+01	1.7255e+01
19.91	1.7016e+01	1.7243e+01
19.90	1.6949e+01	1.7220e+01
19.89	1.6907e+01	1.7205e+01
19.87	1.6854e+01	1.7179e+01
19.86	1.6803e+01	1.7161e+01
19.84	1.6726e+01	1.7134e+01
19.83	1.6682e+01	1.7113e+01
19.81	1.6614e+01	1.7083e+01
19.80	1.6550e+01	1.7060e+01
19.78	1.6473e+01	1.7029e+01
19.76	1.6422e+01	1.7004e+01
19.74	1.6352e+01	1.6970e+01
19.72	1.6296e+01	1.6943e+01
19.70	1.6222e+01	1.6905e+01
19.68	1.6152e+01	1.6876e+01
19.65	1.6068e+01	1.6837e+01
19.63	1.6011e+01	1.6804e+01
19.60	1.5919e+01	1.6761e+01
19.58	1.5857e+01	1.6727e+01
19.55	1.5775e+01	1.6682e+01
19.53	1.5698e+01	1.6646e+01
19.50	1.5606e+01	1.6599e+01
19.47	1.5542e+01	1.6559e+01
19.44	1.5443e+01	1.6510e+01
19.41	1.5363e+01	1.6470e+01
19.38	1.5262e+01	1.6417e+01
19.35	1.5184e+01	1.6371e+01
19.31	1.5076e+01	1.6321e+01
19.28	1.4982e+01	1.6274e+01
19.25	1.4892e+01	1.6220e+01
19.21	1.4799e+01	1.6170e+01
19.18	1.4696e+01	1.6114e+01
19.14	1.4617e+01	1.6063e+01
19.11	1.4513e+01	1.6005e+01
19.07	1.4417e+01	1.5951e+01
19.03	1.4311e+01	1.5891e+01
18.99	1.4221e+01	1.5836e+01
18.95	1.4110e+01	1.5774e+01
18.91	1.4010e+01	1.5716e+01
18.87	1.3898e+01	1.5652e+01
18.83	1.3794e+01	1.5592e+01
18.79	1.3688e+01	1.5527e+01
18.74	1.3574e+01	1.5465e+01
18.70	1.3453e+01	1.5398e+01
18.65	1.3362e+01	1.5334e+01
18.61	1.3253e+01	1.5265e+01
18.56	1.3139e+01	1.5202e+01
18.52	1.3026e+01	1.5135e+01
18.47	1.2913e+01	1.5065e+01
18.42	1.2799e+01	1.4996e+01
18.37	1.2674e+01	1.4924e+01
18.32	1.2572e+01	1.4854e+01
18.27	1.2445e+01	1.4781e+01
18.22	1.2333e+01	1.4710e+01
18.17	1.2212e+01	1.4636e+01
18.11	1.2098e+01	1.4563e+01
18.06	1.1972e+01	1.4488e+01
18.01	1.1857e+01	1.4414e+01
17.95	1.1717e+01	1.4337e+01
17.90	1.1605e+01	1.4262e+01
17.84	1.1475e+01	1.4185e+01
17.78	1.1369e+01	1.4108e+01
17.72	1.1233e+01	1.4031e+01
17.66	1.1110e+01	1.3953e+01
17.61	1.0983e+01	1.3875e+01
17.55	1.0854e+01	1.3797e+01
17.49	1.0725e+01	1.3718e+01
17.42	1.0598e+01	1.3639e+01
17.36	1.0468e+01	1.3560e+01
17.30	1.0343e+01	1.3482e+01
17.24	1.0214e+01	1.3402e+01
17.17	1.0085e+01	1.3322e+01
17.11	9.9444e+00	1.3241e+01
17.04	9.8165e+00	1.3161e+01
16.98	9.6867e+00	1.3080e+01
16.91	9.5552e+00	1.3000e+01
16.84	9.4260e+00	1.2919e+01
16.77	9.2977e+00	1.2839e+01
16.71	9.1556e+00	1.2758e+01
16.64	9.0075e+00	1.2676e+01
16.57	8.8746e+00	1.2595e+01
16.49	8.7496e+00	1.2513e+01
16.42	8.6211e+00	1.2432e+01
16.35	8.4732e+00	1.2350e+01
16.28	8.3322e+00	1.2269e+01
16.21	8.1913e+00	1.2187e+01
16.13	8.0533e+00	1.2106e+01
16.06	7.9351e+00	1.2023e+01
15.98	7.7957e+00	1.1942e+01
15.91	7.6614e+00	1.1859e+01
15.83	7.5166e+00	1.1777e+01
15.75	7.3677e+00	1.1695e+01
15.67	7.2423e+00	1.1613e+01
15.60	7.1032e+00	1.1530e+01
15.52	6.9602e+00	1.1447e+01
15.44	6.8162e+00	1.1364e+01
15.36	6.6855e+00	1.1281e+01
15.28	6.5436e+00	1.1197e+01
15.20	6.4081e+00	1.1115e+01
15.11	6.2711e+00	1.1031e+01
15.03	6.1341e+00	1.0948e+01
14.95	6.0008e+00	1.0863e+01
14.86	5.8696e+00	1.0780e+01
14.78	5.7220e+00	1.0695e+01
14.69	5.5818e+00	1.0611e+01
14.61	5.4428e+00	1.0526e+01
14.52	5.3019e+00	1.0442e+01
14.44	5.1636e+00	1.0356e+01
14.35	5.0356e+00	1.0272e+01
14.26	4.8897e+00	1.0186e+01
14.17	4.7493e+00	1.0101e+01
14.08	4.6196e+00	1.0015e+01
13.99	4.4698e+00	9.9294e+00
13.90	4.3365e+00	9.8435e+00
13.81	4.2041e+00	9.7577e+00
13.72	4.0531e+00	9.6721e+00
13.63	3.9031e+00	9.5849e+00
13.54	3.7770e+00	9.4987e+00
13.45	3.6492e+00	9.4120e+00
13.35	3.5191e+00	9.3260e+00
13.26	3.3807e+00	9.2393e+00
13.16	3.2372e+00	9.1532e+00
13.07	3.0966e+00	9.0666e+00
12.97	2.9561e+00	8.9809e+00
12.88	2.8199e+00	8.8948e+00
12.78	2.6974e+00	8.8098e+00
12.69	2.5703e+00	8.7246e+00
12.59	2.4439e+00	8.6394e+00
12.49	2.3128e+00	8.5538e+00
12.40	2.1773e+00	8.4685e+00
12.30	2.0429e+00	8.3836e+00
12.20	1.9072e+00	8.2978e+00
12.10	1.7808e+00	8.2130e+00
12.00	1.6495e+00	8.1275e+00
11.90	1.5152e+00	8.0435e+00
11.79	1.3813e+00	7.9589e+00
11.69	1.2402e+00	7.8756e+00
11.59	1.1107e+00	7.7914e+00
11.49	9.7922e-01	7.7085e+00
11.39	8.4925e-01	7.6251e+00
11.28	7.3278e-01	7.5421e+00
11.18	6.0259e-01	7.4586e+00
11.08	4.6566e-01	7.3762e+00
10.97	3.4247e-01	7.2929e+00
10.87	2.1775e-01	7.2110e+00
10.76	9.1346e-02	7.1276e+00
10.65	-3.7246e-02	7.0461e+00
10.55	-1.7269e-01	6.9613e+00
10.44	-2.9191e-01	6.8808e+00
10.33	-4.1724e-01	6.7961e+00
10.23	-5.3862e-01	6.7157e+00
10.12	-6.6817e-01	6.6314e+00
10.01	-7.9493e-01	6.5512e+00
9.90	-9.2521e-01	6.4661e+00
9.79	-1.0334e+00	6.3853e+00
9.68	-1.1530e+00	6.2999e+00
9.57	-1.2852e+00	6.2192e+00
9.46	-1.4117e+00	6.1342e+00
9.35	-1.5340e+00	6.0533e+00
9.24	-1.6497e+00	5.9686e+00
9.13	-1.7663e+00	5.8878e+00
9.02	-1.8971e+00	5.8033e+00
8.91	-2.0073e+00	5.7227e+00
8.79	-2.1341e+00	5.6387e+00
8.68	-2.2535e+00	5.5584e+00
8.57	-2.3687e+00	5.4749e+00
8.46	-2.4899e+00	5.3959e+00
8.34	-2.5945e+00	5.3128e+00
8.23	-2.7161e+00	5.2344e+00
8.11	-2.8475e+00	5.1521e+00
8.00	-2.9525e+00	5.0746e+00
7.88	-3.0612e+00	4.9932e+00
7.77	-3.1734e+00	4.9158e+00
7.65	-3.2903e+00	4.8348e+00
7.53	-3.3917e+00	4.7575e+00
7.42	-3.5170e+00	4.6762e+00
7.30	-3.6318e+00	4.5989e+00
7.18	-3.7352e+00	4.5178e+00
7.07	-3.8496e+00	4.4399e+00
6.95	-3.9652e+00	4.3582e+00
6.83	-4.0744e+00	4.2795e+00
6.71	-4.1792e+00	4.1971e+00
6.59	-4.2721e+00	4.1179e+00
6.47	-4.3771e+00	4.0349e+00
6.36	-4.4850e+00	3.9559e+00
6.24	-4.5862e+00	3.8731e+00
6.12	-4.6976e+00	3.7944e+00
6.00	-4.8104e+00	3.7120e+00
5.88	-4.9059e+00	3.6337e+00
5.76	-5.0159e+00	3.5521e+00
5.64	-5.1151e+00	3.4746e+00
5.51	-5.2160e+00	3.3947e+00
5.40	-5.3272e+00	3.3187e+00
5.27	-5.4273e+00	3.2402e+00
5.15	-5.5242e+00	3.1653e+00
5.03	-5.6262e+00	3.0877e+00
4.91	-5.7276e+00	3.0140e+00
4.79	-5.8296e+00	2.9376e+00
4.67	-5.9204e+00	2.8651e+00
4.54	-6.0251e+00	2.7897e+00
4.42	-6.1184e+00	2.7174e+00
4.30	-6.2139e+00	2.6417e+00
4.18	-6.3127e+00	2.5687e+00
4.05	-6.4097e+00	2.4927e+00
3.93	-6.4957e+00	2.4189e+00
3.80	-6.5863e+00	2.3425e+00
3.68	-6.6786e+00	2.2677e+00
3.56	-6.7715e+00	2.1899e+00
3.44	-6.8694e+00	2.1138e+00
3.31	-6.9535e+00	2.0349e+00
3.19	-7.0407e+00	1.9583e+00
3.06	-7.1358e+00	1.8790e+00
2.94	-7.2211e+00	1.8026e+00
2.82	-7.3109e+00	1.7238e+00
2.69	-7.3901e+00	1.6479e+00
2.57	-7.4807e+00	1.5702e+00
2.44	-7.5744e+00	1.4948e+00
2.32	-7.6499e+00	1.4175e+00
2.19	-7.7297e+00	1.3430e+00
2.07	-7.8306e+00	1.2662e+00
1.94	-7.9244e+00	1.1918e+00
1.82	-8.0026e+00	1.1151e+00
1.69	-8.0814e+00	1.0400e+00
1.57	-8.1744e+00	9.6297e-01
1.44	-8.2527e+00	8.8785e-01
1.32	-8.3355e+00	8.1061e-01
1.19	-8.4212e+00	7.3510e-01
1.07	-8.4998e+00	6.5830e-01
0.94	-8.5889e+00	5.8289e-01
0.81	-8.6736e+00	5.0557e-01
0.69	-8.7387e+00	4.3020e-01
0.56	-8.8226e+00	3.5265e-01
0.44	-8.9048e+00	2.7717e-01
0.31	-8.9793e+00	1.9933e-01
0.19	-9.0541e+00	1.2347e-01
0.06	-9.1255e+00	4.3030e-02
-0.06	-9.2415e+00	-4.4684e-02
-0.19	-9.3222e+00	-1.2347e-01
-0.31	-9.3888e+00	-1.9933e-01
-0.44	-9.4584e+00	-2.7717e-01
-0.56	-9.5302e+00	-3.5265e-01
-0.69	-9.6036e+00	-4.3020e-01
-0.81	-9.6808e+00	-5.0557e-01
-0.94	-9.7475e+00	-5.8289e-01
-1.07	-9.8229e+00	-6.5830e-01
-1.19	-9.8930e+00	-7.3510e-01
-1.32	-9.9631e+00	-8.1061e-01
-1.44	-1.0046e+01	-8.8785e-01
-1.57	-1.0106e+01	-9.6297e-01
-1.69	-1.0162e+01	-1.0400e+00
-1.82	-1.0236e+01	-1.1151e+00
-1.94	-1.0297e+01	-1.1918e+00
-2.07	-1.0358e+01	-1.2662e+00
-2.19	-1.0431e+01	-1.3430e+00
-2.32	-1.0493e+01	-1.4175e+00
-2.44	-1.0553e+01	-1.4948e+00
-2.57	-1.0621e+01	-1.5702e+00
-2.69	-1.0684e+01	-1.6479e+00
-2.82	-1.0753e+01	-1.7238e+00
-2.94	-1.0820e+01	-1.8026e+00
-3.06	-1.0879e+01	-1.8790e+00
-3.19	-1.0938e+01	-1.9583e+00
-3.31	-1.1008e+01	-2.0349e+00
-3.44	-1.1069e+01	-2.1138e+00
-3.56	-1.1114e+01	-2.1899e+00
-3.68	-1.1181e+01	-2.2677e+00
-3.80	-1.1241e+01	-2.3425e+00
-3.93	-1.1298e+01	-2.4189e+00
-4.05	-1.1366e+01	-2.4927e+00
-4.18	-1.1424e+01	-2.5687e+00
-4.30	-1.1479e+01	-2.6417e+00
-4.42	-1.1543e+01	-2.7174e+00
-4.54	-1.1595e+01	-2.7897e+00
-4.67	-1.1663e+01	-2.8651e+00
-4.79	-1.1707e+01	-2.9376e+00
-4.91	-1.1763e+01	-3.0140e+00
-5.03	-1.1828e+01	-3.0877e+00
-5.15	-1.1889e+01	-3.1653e+00
-5.27	-1.1936e+01	-3.2402e+00
-5.40	-1.1989e+01	-3.3187e+00
-5.51	-1.2046e+01	-3.3947e+00
-5.64	-1.2096e+01	-3.4746e+00
-5.76	-1.2156e+01	-3.5521e+00
-5.88	-1.2209e+01	-3.6337e+00
-6.00	-1.2255e+01	-3.7120e+00
-6.12	-1.2310e+01	-3.7944e+00
-6.24	-1.2359e+01	-3.8731e+00
-6.36	-1.2400e+01	-3.9559e+00
-6.47	-1.2451e+01	-4.0349e+00
-6.59	-1.2505e+01	-4.1179e+00
-6.71	-1.2555e+01	-4.1971e+00
-6.83	-1.2610e+01	-4.2795e+00
-6.95	-1.2659e+01	-4.3582e+00
-7.07	-1.2715e+01	-4.4399e+00
-7.18	-1.2762e+01	-4.5178e+00
-7.30	-1.2805e+01	-4.5989e+00
-7.42	-1.2859e+01	-4.6762e+00
-7.53	-1.2919e+01	-4.7575e+00
-7.65	-1.2962e+01	-4.8348e+00
-7.77	-1.3004e+01	-4.9158e+00
-7.88	-1.3039e+01	-4.9932e+00
-8.00	-1.3087e+01	-5.0746e+00
-8.11	-1.3149e+01	-5.1521e+00
-8.23	-1.3199e+01	-5.2344e+00
-8.34	-1.3230e+01	-5.3128e+00
-8.46	-1.3268e+01	-5.3959e+00
-8.57	-1.3321e+01	-5.4749e+00
-8.68	-1.3376e+01	-5.5584e+00
-8.79	-1.3421e+01	-5.6387e+00
-8.91	-1.3457e+01	-5.7227e+00
-9.02	-1.3494e+01	-5.8033e+00
-9.13	-1.3540e+01	-5.8878e+00
-9.24	-1.3593e+01	-5.9686e+00
-9.35	-1.3639e+01	-6.0533e+00
-9.46	-1.3665e+01	-6.1342e+00
-9.57	-1.3698e+01	-6.2192e+00
-9.68	-1.3751e+01	-6.2999e+00
-9.79	-1.3807e+01	-6.3853e+00
-9.90	-1.3847e+01	-6.4661e+00
-10.01	-1.3879e+01	-6.5512e+00
-10.12	-1.3919e+01	-6.6314e+00
-10.23	-1.3979e+01	-6.7157e+00
-10.33	-1.4010e+01	-6.7961e+00
-10.44	-1.4042e+01	-6.8808e+00
-10.55	-1.4087e+01	-6.9613e+00
-10.65	-1.4119e+01	-7.0461e+00
-10.76	-1.4163e+01	-7.1276e+00
-10.87	-1.4210e+01	-7.2110e+00
-10.97	-1.4249e+01	-7.2929e+00
-11.08	-1.4291e+01	-7.3762e+00
-11.18	-1.4327e+01	-7.4586e+00
-11.28	-1.4360e+01	-7.5421e+00
-11.39	-1.4394e+01	-7.6251e+00
-11.49	-1.4436e+01	-7.7085e+00
-11.59	-1.4467e+01	-7.7914e+00
-11.69	-1.4512e+01	-7.8756e+00
-11.79	-1.4558e+01	-7.9589e+00
-11.90	-1.4590e+01	-8.0435e+00
-12.00	-1.4626e+01	-8.1275e+00
-12.10	-1.4667e+01	-8.2130e+00
-12.20	-1.4711e+01	-8.2978e+00
-12.30	-1.4750e+01	-8.3836e+00
-12.40	-1.4780e+01	-8.4685e+00
-12.49	-1.4821e+01	-8.5538e+00
-12.59	-1.4854e+01	-8.6394e+00
-12.69	-1.4881e+01	-8.7246e+00
-12.78	-1.4919e+01	-8.8098e+00
-12.88	-1.4966e+01	-8.8948e+00
-12.97	-1.4999e+01	-8.9809e+00
-13.07	-1.5029e+01	-9.0666e+00
-13.16	-1.5055e+01	-9.1532e+00
-13.26	-1.5084e+01	-9.2393e+00
-13.35	-1.5134e+01	-9.3260e+00
-13.45	-1.5161e+01	-9.4120e+00
-13.54	-1.5189e+01	-9.4987e+00
-13.63	-1.5219e+01	-9.5849e+00
-13.72	-1.5259e+01	-9.6721e+00
-13.81	-1.5294e+01	-9.7577e+00
-13.90	-1.5326e+01	-9.8435e+00
-13.99	-1.5367e+01	-9.9294e+00
-14.08	-1.5395e+01	-1.0015e+01
-14.17	-1.5437e+01	-1.0101e+01
-14.26	-1.5470e+01	-1.0186e+01
-14.35	-1.5501e+01	-1.0272e+01
-14.44	-1.5530e+01	-1.0356e+01
-14.52	-1.5552e+01	-1.0442e+01
-14.61	-1.5582e+01	-1.0526e+01
-14.69	-1.5619e+01	-1.0611e+01
-14.78	-1.5655e+01	-1.0695e+01
-14.86	-1.5691e+01	-1.0780e+01
-14.95	-1.5724e+01	-1.0863e+01
-15.03	-1.5758e+01	-1.0948e+01
-15.11	-1.5787e+01	-1.1031e+01
-15.20	-1.5803e+01	-1.1115e+01
-15.28	-1.5845e+01	-1.1197e+01
-15.36	-1.5878e+01	-1.1281e+01
-15.44	-1.5906e+01	-1.1364e+01
-15.52	-1.5936e+01	-1.1447e+01
-15.60	-1.5972e+01	-1.1530e+01
-15.67	-1.6008e+01	-1.1613e+01
-15.75	-1.6042e+01	-1.1695e+01
-15.83	-1.6066e+01	-1.1777e+01
-15.91	-1.6084e+01	-1.1859e+01
-15.98	-1.6108e+01	-1.1942e+01
-16.06	-1.6141e+01	-1.2023e+01
-16.13	-1.6169e+01	-1.2106e+01
-16.21	-1.6204e+01	-1.2187e+01
-16.28	-1.6248e+01	-1.2269e+01
-16.35	-1.6260e+01	-1.2350e+01
-16.42	-1.6278e+01	-1.2432e+01
-16.49	-1.6320e+01	-1.2513e+01
-16.57	-1.6341e+01	-1.2595e+01
-16.64	-1.6377e+01	-1.2676e+01
-16.71	-1.6415e+01	-1.2758e+01
-16.77	-1.6428e+01	-1.2839e+01
-16.84	-1.6465e+01	-1.2919e+01
-16.91	-1.6489e+01	-1.3000e+01
-16.98	-1.6522e+01	-1.3080e+01
-17.04	-1.6552e+01	-1.3161e+01
-17.11	-1.6586e+01	-1.3241e+01
-17.17	-1.6608e+01	-1.3322e+01
-17.24	-1.6622e+01	-1.3402e+01
-17.30	-1.6647e+01	-1.3482e+01
-17.36	-1.6665e+01	-1.3560e+01
-17.42	-1.6690e+01	-1.3639e+01
-17.49	-1.6729e+01	-1.3718e+01
-17.55	-1.6749e+01	-1.3797e+01
-17.61	-1.6774e+01	-1.3875e+01
-17.66	-1.6802e+01	-1.3953e+01
-17.72	-1.6842e+01	-1.4031e+01
-17.78	-1.6852e+01	-1.4108e+01
-17.84	-1.6888e+01	-1.4185e+01
-17.90	-1.6917e+01	-1.4262e+01
-17.95	-1.6930e+01	-1.4337e+01
-18.01	-1.6956e+01	-1.4414e+01
-18.06	-1.6971e+01	-1.4488e+01
-18.11	-1.6983e+01	-1.4563e+01
-18.17	-1.7005e+01	-1.4636e+01
-18.22	-1.7039e+01	-1.4710e+01
-18.27	-1.7062e+01	-1.4781e+01
-18.32	-1.7075e+01	-1.4854e+01
-18.37	-1.7102e+01	-1.4924e+01
-18.42	-1.7130e+01	-1.4996e+01
-18.47	-1.7153e+01	-1.5065e+01
-18.52	-1.7162e+01	-1.5135e+01
-18.56	-1.7179e+01	-1.5202e+01
-18.61	-1.7226e+01	-1.5265e+01
-18.65	-1.7242e+01	-1.5334e+01
-18.70	-1.7247e+01	-1.5398e+01
-18.74	-1.7271e+01	-1.5465e+01
-18.79	-1.7281e+01	-1.5527e+01
-18.83	-1.7304e+01	-1.5592e+01
-18.87	-1.7325e+01	-1.5652e+01
-18.91	-1.7338e+01	-1.5716e+01
-18.95	-1.7355e+01	-1.5774e+01
-18.99	-1.7380e+01	-1.5836e+01
-19.03	-1.7391e+01	-1.5891e+01
-19.07	-1.7412e+01	-1.5951e+01
-19.11	-1.7409e+01	-1.6005e+01
-19.14	-1.7437e+01	-1.6063e+01
-19.18	-1.7452e+01	-1.6114e+01
-19.21	-1.7462e+01	-1.6170e+01
-19.25	-1.7470e+01	-1.6220e+01
-19.28	-1.7488e+01	-1.6274e+01
-19.31	-1.7513e+01	-1.6321e+01
-19.35	-1.7513e+01	-1.6371e+01
-19.38	-1.7534e+01	-1.6417e+01
-19.41	-1.7548e+01	-1.6470e+01
-19.44	-1.7563e+01	-1.6510e+01
-19.47	-1.7575e+01	-1.6559e+01
-19.50	-1.7572e+01	-1.6599e+01
-19.53	-1.7587e+01	-1.6646e+01
-19.55	-1.7589e+01	-1.6682e+01
-19.58	-1.7600e+01	-1.6727e+01
-19.60	-1.7607e+01	-1.6761e+01
-19.63	-1.7618e+01	-1.6804e+01
-19.65	-1.7623e+01	-1.6837e+01
-19.68	-1.7627e+01	-1.6876e+01
-19.70	-1.7635e+01	-1.6905e+01
-19.72	-1.7655e+01	-1.6943e+01
-19.74	-1.7657e+01	-1.6970e+01
-19.76	-1.7645e+01	-1.7004e+01
-19.78	-1.7649e+01	-1.7029e+01
-19.80	-1.7646e+01	-1.7060e+01
-19.81	-1.7652e+01	-1.7083e+01
-19.83	-1.7660e+01	-1.7113e+01
-19.84	-1.7661e+01	-1.7134e+01
-19.86	-1.7673e+01	-1.7161e+01
-19.87	-1.7676e+01	-1.7179e+01
-19.89	-1.7659e+01	-1.7205e+01
-19.90	-1.7669e+01	-1.7220e+01
-19.91	-1.7664e+01	-1.7243e+01
-19.92	-1.7660e+01	-1.7255e+01
-19.94	-1.7660e+01	-1.7276e+01
-19.94	-1.7660e+01	-1.7286e+01
-19.95	-1.7664e+01	-1.7304e+01
-19.96	-1.7661e+01	-1.7311e+01
-19.97	-1.7636e+01	-1.7326e+01
-19.97	-1.7634e+01	-1.7331e+01
-19.98	-1.7621e+01	-1.7342e+01
-19.98	-1.7614e+01	-1.7347e+01
-19.99	-1.7598e+01	-1.7354e+01
-19.99	-1.7596e+01	-1.7359e+01
-19.99	-1.7489e+01	-1.7359e+01
-19.99	-1.7438e+01	-1.7354e+01
-19.98	-1.7376e+01	-1.7347e+01
-19.98	-1.7386e+01	-1.7342e+01
-19.97	-1.7310e+01	-1.7331e+01
-19.97	-1.7325e+01	-1.7326e+01
-19.96	-1.7267e+01	-1.7311e+01
-19.95	-1.7208e+01	-1.7304e+01
-19.94	-1.7178e+01	-1.7286e+01
-19.94	-1.7109e+01	-1.7276e+01
-19.92	-1.7053e+01	-1.7255e+01
-19.91	-1.7002e+01	-1.7243e+01
-19.90	-1.6962e+01	-1.7220e+01
-19.89	-1.6901e+01	-1.7205e+01
-19.87	-1.6849e+01	-1.7179e+01
-19.86	-1.6802e+01	-1.7161e+01
-19.84	-1.6748e+01	-1.7134e+01
-19.83	-1.6676e+01	-1.7113e+01
-19.81	-1.6607e+01	-1.7083e+01
-19.80	-1.6536e+01	-1.7060e+01
-19.78	-1.6485e+01	-1.7029e+01
-19.76	-1.6418e+01	-1.7004e+01
-19.74	-1.6362e+01	-1.6970e+01
-19.72	-1.6289e+01	-1.6943e+01
-19.70	-1.6225e+01	-1.6905e+01
-19.68	-1.6147e+01	-1.6876e+01
-19.65	-1.6075e+01	-1.6837e+01
-19.63	-1.6008e+01	-1.6804e+01
-19.60	-1.5923e+01	-1.6761e+01
-19.58	-1.5845e+01	-1.6727e+01
-19.55	-1.5776e+01	-1.6682e+01
-19.53	-1.5703e+01	-1.6646e+01
-19.50	-1.5612e+01	-1.6599e+01
-19.47	-1.5521e+01	-1.6559e+01
-19.44	-1.5452e+01	-1.6510e+01
-19.41	-1.5368e+01	-1.6470e+01
-19.38	-1.5278e+01	-1.6417e+01
-19.35	-1.5179e+01	-1.6371e+01
-19.31	-1.5062e+01	-1.6321e+01
-19.28	-1.4983e+01	-1.6274e+01
-19.25	-1.4892e+01	-1.6220e+01
-19.21	-1.4804e+01	-1.6170e+01
-19.18	-1.4697e+01	-1.6114e+01
-19.14	-1.4617e+01	-1.6063e+01
-19.11	-1.4512e+01	-1.6005e+01
-19.07	-1.4414e+01	-1.5951e+01
-19.03	-1.4313e+01	-1.5891e+01
-18.99	-1.4219e+01	-1.5836e+01
-18.95	-1.4110e+01	-1.5774e+01
-18.91	-1.4021e+01	-1.5716e+01
-18.87	-1.3892e+01	-1.5652e+01
-18.83	-1.3788e+01	-1.5592e+01
-18.79	-1.3680e+01	-1.5527e+01
-18.74	-1.3589e+01	-1.5465e+01
-18.70	-1.3465e+01	-1.5398e+01
-18.65	-1.3353e+01	-1.5334e+01
-18.61	-1.3238e+01	-1.5265e+01
-18.56	-1.3142e+01	-1.5202e+01
-18.52	-1.3038e+01	-1.5135e+01
-18.47	-1.2914e+01	-1.5065e+01
-18.42	-1.2794e+01	-1.4996e+01
-18.37	-1.2674e+01	-1.4924e+01
-18.32	-1.2561e+01	-1.4854e+01
-18.27	-1.2456e+01	-1.4781e+01
-18.22	-1.2336e+01	-1.4710e+01
-18.17	-1.2214e+01	-1.4636e+01
-18.11	-1.2092e+01	-1.4563e+01
-18.06	-1.1970e+01	-1.4488e+01
-18.01	-1.1852e+01	-1.4414e+01
-17.95	-1.1727e+01	-1.4337e+01
-17.90	-1.1605e+01	-1.4262e+01
-17.84	-1.1479e+01	-1.4185e+01
-17.78	-1.1357e+01	-1.4108e+01
-17.72	-1.1234e+01	-1.4031e+01
-17.66	-1.1105e+01	-1.3953e+01
-17.61	-1.0989e+01	-1.3875e+01
-17.55	-1.0863e+01	-1.3797e+01
-17.49	-1.0723e+01	-1.3718e+01
-17.42	-1.0593e+01	-1.3639e+01
-17.36	-1.0472e+01	-1.3560e+01
-17.30	-1.0345e+01	-1.3482e+01
-17.24	-1.0204e+01	-1.3402e+01
-17.17	-1.0074e+01	-1.3322e+01
-17.11	-9.9553e+00	-1.3241e+01
-17.04	-9.8224e+00	-1.3161e+01
-16.98	-9.6953e+00	-1.3080e+01
-16.91	-9.5565e+00	-1.3000e+01
-16.84	-9.4136e+00	-1.2919e+01
-16.77	-9.2880e+00	-1.2839e+01
-16.71	-9.1562e+00	-1.2758e+01
-16.64	-9.0170e+00	-1.2676e+01
-16.57	-8.8856e+00	-1.2595e+01
-16.49	-8.7468e+00	-1.2513e+01
-16.42	-8.6121e+00	-1.2432e+01
-16.35	-8.4729e+00	-1.2350e+01
-16.28	-8.3284e+00	-1.2269e+01
-16.21	-8.1923e+00	-1.2187e+01
-16.13	-8.0600e+00	-1.2106e+01
-16.06	-7.9384e+00	-1.2023e+01
-15.98	-7.7937e+00	-1.1942e+01
-15.91	-7.6460e+00	-1.1859e+01
-15.83	-7.5239e+00	-1.1777e+01
-15.75	-7.3798e+00	-1.1695e+01
-15.67	-7.2386e+00	-1.1613e+01
-15.60	-7.1014e+00	-1.1530e+01
-15.52	-6.9607e+00	-1.1447e+01
-15.44	-6.8165e+00	-1.1364e+01
-15.36	-6.6815e+00	-1.1281e+01
-15.28	-6.5367e+00	-1.1197e+01
-15.20	-6.4108e+00	-1.1115e+01
-15.11	-6.2740e+00	-1.1031e+01
-15.03	-6.1418e+00	-1.0948e+01
-14.95	-6.0005e+00	-1.0863e+01
-14.86	-5.8636e+00	-1.0780e+01
-14.78	-5.7247e+00	-1.0695e+01
-14.69	-5.5800e+00	-1.0611e+01
-14.61	-5.4392e+00	-1.0526e+01
-14.52	-5.3036e+00	-1.0442e+01
-14.44	-5.1659e+00	-1.0356e+01
-14.35	-5.0347e+00	-1.0272e+01
-14.26	-4.8890e+00	-1.0186e+01
-14.17	-4.7571e+00	-1.0101e+01
-14.08	-4.6186e+00	-1.0015e+01
-13.99	-4.4681e+00	-9.9294e+00
-13.90	-4.3283e+00	-9.8435e+00
-13.81	-4.1971e+00	-9.7577e+00
-13.72	-4.0607e+00	-9.6721e+00
-13.63	-3.9184e+00	-9.5849e+00
-13.54	-3.7713e+00	-9.4987e+00
-13.45	-3.6435e+00	-9.4120e+00
-13.35	-3.5143e+00	-9.3260e+00
-13.26	-3.3790e+00	-9.2393e+00
-13.16	-3.2417e+00	-9.1532e+00
-13.07	-3.0999e+00	-9.0666e+00
-12.97	-2.9590e+00	-8.9809e+00
-12.88	-2.8240e+00	-8.8948e+00
-12.78	-2.6907e+00	-8.8098e+00
-12.69	-2.5669e+00	-8.7246e+00
-12.59	-2.4427e+00	-8.6394e+00
-12.49	-2.3063e+00	-8.5538e+00
-12.40	-2.1745e+00	-8.4685e+00
-12.30	-2.0525e+00	-8.3836e+00
-12.20	-1.9194e+00	-8.2978e+00
-12.10	-1.7832e+00	-8.2130e+00
-12.00	-1.6447e+00	-8.1275e+00
-11.90	-1.5096e+00	-8.0435e+00
-11.79	-1.3725e+00	-7.9589e+00
-11.69	-1.2423e+00	-7.8756e+00
-11.59	-1.1145e+00	-7.7914e+00
-11.49	-9.7984e-01	-7.7085e+00
-11.39	-8.5325e-01	-7.6251e+00
-11.28	-7.3034e-01	-7.5421e+00
-11.18	-5.9704e-01	-7.4586e+00
-11.08	-4.7038e-01	-7.3762e+00
-10.97	-3.4671e-01	-7.2929e+00
-10.87	-2.2072e-01	-7.2110e+00
-10.76	-7.8200e-02	-7.1276e+00
-10.65	4.2498e-02	-7.0461e+00
-10.55	1.5959e-01	-6.9613e+00
-10.44	2.8818e-01	-6.8808e+00
-10.33	4.1891e-01	-6.7961e+00
-10.23	5.4225e-01	-6.7157e+00
-10.12	6.7175e-01	-6.6314e+00
-10.01	7.9062e-01	-6.5512e+00
-9.90	9.2097e-01	-6.4661e+00
-9.79	1.0407e+00	-6.3853e+00
-9.68	1.1622e+00	-6.2999e+00
-9.57	1.2769e+00	-6.2192e+00
-9.46	1.4018e+00	-6.1342e+00
-9.35	1.5303e+00	-6.0533e+00
-9.24	1.6563e+00	-5.9686e+00
-9.13	1.7761e+00	-5.8878e+00
-9.02	1.9016e+00	-5.8033e+00
-8.91	2.0086e+00	-5.7227e+00
-8.79	2.1253e+00	-5.6387e+00
-8.68	2.2411e+00	-5.5584e+00
-8.57	2.3662e+00	-5.4749e+00
-8.46	2.4895e+00	-5.3959e+00
-8.34	2.6159e+00	-5.3128e+00
-8.23	2.7226e+00	-5.2344e+00
-8.11	2.8352e+00	-5.1521e+00
-8.00	2.9456e+00	-5.0746e+00
-7.88	3.0618e+00	-4.9932e+00
-7.77	3.1770e+00	-4.9158e+00
-7.65	3.2889e+00	-4.8348e+00
-7.53	3.3962e+00	-4.7575e+00
-7.42	3.5138e+00	-4.6762e+00
-7.30	3.6251e+00	-4.5989e+00
-7.18	3.7463e+00	-4.5178e+00
-7.07	3.8480e+00	-4.4399e+00
-6.95	3.9615e+00	-4.3582e+00
-6.83	4.0720e+00	-4.2795e+00
-6.71	4.1797e+00	-4.1971e+00
-6.59	4.2766e+00	-4.1179e+00
-6.47	4.3804e+00	-4.0349e+00
-6.36	4.4815e+00	-3.9559e+00
-6.24	4.5893e+00	-3.8731e+00
-6.12	4.6951e+00	-3.7944e+00
-6.00	4.8017e+00	-3.7120e+00
-5.88	4.9086e+00	-3.6337e+00
-5.76	5.0203e+00	-3.5521e+00
-5.64	5.1135e+00	-3.4746e+00
-5.51	5.2225e+00	-3.3947e+00
-5.40	5.3228e+00	-3.3187e+00
-5.27	5.4206e+00	-3.2402e+00
-5.15	5.5279e+00	-3.1653e+00
-5.03	5.6348e+00	-3.0877e+00
-4.91	5.7237e+00	-3.0140e+00
-4.79	5.8221e+00	-2.9376e+00
-4.67	5.9241e+00	-2.8651e+00
-4.54	6.0254e+00	-2.7897e+00
-4.42	6.1193e+00	-2.7174e+00
-4.30	6.2169e+00	-2.6417e+00
-4.18	6.3114e+00	-2.5687e+00
-4.05	6.4089e+00	-2.4927e+00
-3.93	6.4925e+00	-2.4189e+00
-3.80	6.5864e+00	-2.3425e+00
-3.68	6.6739e+00	-2.2677e+00
-3.56	6.7786e+00	-2.1899e+00
-3.44	6.8736e+00	-2.1138e+00
-3.31	6.9568e+00	-2.0349e+00
-3.19	7.0412e+00	-1.9583e+00
-3.06	7.1238e+00	-1.8790e+00
-2.94	7.2194e+00	-1.8026e+00
-2.82	7.3143e+00	-1.7238e+00
-2.69	7.3951e+00	-1.6479e+00
-2.57	7.4825e+00	-1.5702e+00
-2.44	7.5630e+00	-1.4948e+00
-2.32	7.6571e+00	-1.4175e+00
-2.19	7.7400e+00	-1.3430e+00
-2.07	7.8190e+00	-1.2662e+00
-1.94	7.9139e+00	-1.1918e+00
-1.82	8.0099e+00	-1.1151e+00
-1.69	8.0857e+00	-1.0400e+00
-1.57	8.1760e+00	-9.6297e-01
-1.44	8.2591e+00	-8.8785e-01
-1.32	8.3287e+00	-8.1061e-01
-1.19	8.4097e+00	-7.3510e-01
-1.07	8.5085e+00	-6.5830e-01
-0.94	8.5958e+00	-5.8289e-01
-0.81	8.6679e+00	-5.0557e-01
-0.69	8.7416e+00	-4.3020e-01
-0.56	8.8253e+00	-3.5265e-01
-0.44	8.9000e+00	-2.7717e-01
-0.31	8.9744e+00	-1.9933e-01
-0.19	9.0514e+00	-1.2347e-01
-0.06	9.1339e+00	-4.4684e-02
0.06	9.2416e+00	4.3030e-02
0.19	9.3179e+00	1.2347e-01
0.31	9.3921e+00	1.9933e-01
0.44	9.4620e+00	2.7717e-01
0.56	9.5254e+00	3.5265e-01
0.69	9.6077e+00	4.3020e-01
0.81	9.6734e+00	5.0557e-01
0.94	9.7470e+00	5.8289e-01
1.07	9.8232e+00	6.5830e-01
1.19	9.9100e+00	7.3510e-01
1.32	9.9609e+00	8.1061e-01
1.44	1.0028e+01	8.8785e-01
1.57	1.0104e+01	9.6297e-01
1.69	1.0168e+01	1.0400e+00
1.82	1.0236e+01	1.1151e+00
1.94	1.0302e+01	1.1918e+00
2.07	1.0360e+01	1.2662e+00
2.19	1.0430e+01	1.3430e+00
2.32	1.0490e+01	1.4175e+00
2.44	1.0552e+01	1.4948e+00
2.57	1.0621e+01	1.5702e+00
2.69	1.0689e+01	1.6479e+00
2.82	1.0750e+01	1.7238e+00
2.94	1.0817e+01	1.8026e+00
3.06	1.0881e+01	1.8790e+00
3.19	1.0953e+01	1.9583e+00
3.31	1.0998e+01	2.0349e+00
3.44	1.1058e+01	2.1138e+00
3.56	1.1119e+01	2.1899e+00
3.68	1.1183e+01	2.2677e+00
3.80	1.1240e+01	2.3425e+00
3.93	1.1304e+01	2.4189e+00
4.05	1.1368e+01	2.4927e+00
4.18	1.1417e+01	2.5687e+00
4.30	1.1474e+01	2.6417e+00
4.42	1.1550e+01	2.7174e+00
4.54	1.1599e+01	2.7897e+00
4.67	1.1655e+01	2.8651e+00
4.79	1.1713e+01	2.9376e+00
4.91	1.1765e+01	3.0140e+00
5.03	1.1825e+01	3.0877e+00
5.15	1.1882e+01	3.1653e+00
5.27	1.1935e+01	3.2402e+00
5.40	1.2000e+01	3.3187e+00
5.51	1.2050e+01	3.3947e+00
5.64	1.2096e+01	3.4746e+00
5.76	1.2150e+01	3.5521e+00
5.88	1.2202e+01	3.6337e+00
6.00	1.2259e+01	3.7120e+00
6.12	1.2311e+01	3.7944e+00
6.24	1.2362e+01	3.8731e+00
6.36	1.2406e+01	3.9559e+00
6.47	1.2445e+01	4.0349e+00
6.59	1.2499e+01	4.1179e+00
6.71	1.2559e+01	4.1971e+00
6.83	1.2614e+01	4.2795e+00
6.95	1.2660e+01	4.3582e+00
7.07	1.2709e+01	4.4399e+00
7.18	1.2763e+01	4.5178e+00
7.30	1.2813e+01	4.5989e+00
7.42	1.2856e+01	4.6762e+00
7.53	1.2913e+01	4.7575e+00
7.65	1.2956e+01	4.8348e+00
7.77	1.3002e+01	4.9158e+00
7.88	1.3052e+01	4.9932e+00
8.00	1.3093e+01	5.0746e+00
8.11	1.3141e+01	5.1521e+00
8.23	1.3189e+01	5.2344e+00
8.34	1.3235e+01	5.3128e+00
8.46	1.3276e+01	5.3959e+00
8.57	1.3321e+01	5.4749e+00
8.68	1.3373e+01	5.5584e+00
8.79	1.3409e+01	5.6387e+00
8.91	1.3457e+01	5.7227e+00
9.02	1.3510e+01	5.8033e+00
9.13	1.3549e+01	5.8878e+00
9.24	1.3579e+01	5.9686e+00
9.35	1.3622e+01	6.0533e+00
9.46	1.3673e+01	6.1342e+00
9.57	1.3713e+01	6.2192e+00
9.68	1.3752e+01	6.2999e+00
9.79	1.3796e+01	6.3853e+00
9.90	1.3839e+01	6.4661e+00
10.01	1.3893e+01	6.5512e+00
10.12	1.3927e+01	6.6314e+00
10.23	1.3963e+01	6.7157e+00
10.33	1.4004e+01	6.7961e+00
10.44	1.4049e+01	6.8808e+00
10.55	1.4087e+01	6.9613e+00
10.65	1.4129e+01	7.0461e+00
10.76	1.4166e+01	7.1276e+00
10.87	1.4200e+01	7.2110e+00
10.97	1.4247e+01	7.2929e+00
11.08	1.4288e+01	7.3762e+00
11.18	1.4327e+01	7.4586e+00
11.28	1.4365e+01	7.5421e+00
11.39	1.4395e+01	7.6251e+00
11.49	1.4434e+01	7.7085e+00
11.59	1.4472e+01	7.7914e+00
11.69	1.4506e+01	7.8756e+00
11.79	1.4552e+01	7.9589e+00
11.90	1.4593e+01	8.0435e+00
12.00	1.4635e+01	8.1275e+00
12.10	1.4670e+01	8.2130e+00
12.20	1.4708e+01	8.2978e+00
12.30	1.4744e+01	8.3836e+00
12.40	1.4778e+01	8.4685e+00
12.49	1.4818e+01	8.5538e+00
12.59	1.4854e+01	8.6394e+00
12.69	1.4891e+01	8.7246e+00
12.78	1.4922e+01	8.8098e+00
12.88	1.4962e+01	8.8948e+00
12.97	1.4991e+01	8.9809e+00
13.07	1.5030e+01	9.0666e+00
13.16	1.5058e+01	9.1532e+00
13.26	1.5091e+01	9.2393e+00
13.35	1.5128e+01	9.3260e+00
13.45	1.5156e+01	9.4120e+00
13.54	1.5190e+01	9.4987e+00
13.63	1.5220e+01	9.5849e+00
13.72	1.5256e+01	9.6721e+00
13.81	1.5302e+01	9.7577e+00
13.90	1.5329e+01	9.8435e+00
13.99	1.5354e+01	9.9294e+00
14.08	1.5401e+01	1.0015e+01
14.17	1.5438e+01	1.0101e+01
14.26	1.5465e+01	1.0186e+01
14.35	1.5503e+01	1.0272e+01
14.44	1.5529e+01	1.0356e+01
14.52	1.5557e+01	1.0442e+01
14.61	1.5582e+01	1.0526e+01
14.69	1.5607e+01	1.0611e+01
14.78	1.5657e+01	1.0695e+01
14.86	1.5705e+01	1.0780e+01
14.95	1.5724e+01	1.0863e+01
15.03	1.5743e+01	1.0948e+01
15.11	1.5788e+01	1.1031e+01
15.20	1.5822e+01	1.1115e+01
15.28	1.5832e+01	1.1197e+01
15.36	1.5872e+01	1.1281e+01
15.44	1.5908e+01	1.1364e+01
15.52	1.5949e+01	1.1447e+01
15.60	1.5975e+01	1.1530e+01
15.67	1.6003e+01	1.1613e+01
15.75	1.6030e+01	1.1695e+01
15.83	1.6057e+01	1.1777e+01
15.91	1.6092e+01	1.1859e+01
15.98	1.6121e+01	1.1942e+01
16.06	1.6141e+01	1.2023e+01
16.13	1.6174e+01	1.2106e+01
16.21	1.6196e+01	1.2187e+01
16.28	1.6234e+01	1.2269e+01
16.35	1.6262e+01	1.2350e+01
16.42	1.6292e+01	1.2432e+01
16.49	1.6315e+01	1.2513e+01
16.57	1.6342e+01	1.2595e+01
16.64	1.6377e+01	1.2676e+01
16.71	1.6407e+01	1.2758e+01
16.77	1.6438e+01	1.2839e+01
16.84	1.6466e+01	1.2919e+01
16.91	1.6490e+01	1.3000e+01
16.98	1.6518e+01	1.3080e+01
17.04	1.6557e+01	1.3161e+01
17.11	1.6581e+01	1.3241e+01
17.17	1.6598e+01	1.3322e+01
17.24	1.6619e+01	1.3402e+01
17.30	1.6650e+01	1.3482e+01
17.36	1.6679e+01	1.3560e+01
17.42	1.6701e+01	1.3639e+01
17.49	1.6716e+01	1.3718e+01
17.55	1.6745e+01	1.3797e+01
17.61	1.6767e+01	1.3875e+01
17.66	1.6816e+01	1.3953e+01
17.72	1.6829e+01	1.4031e+01
17.78	1.6862e+01	1.4108e+01
17.84	1.6894e+01	1.4185e+01
17.90	1.6909e+01	1.4262e+01
17.95	1.6929e+01	1.4337e+01
18.01	1.6944e+01	1.4414e+01
18.06	1.6976e+01	1.4488e+01
18.11	1.6989e+01	1.4563e+01
18.17	1.7017e+01	1.4636e+01
18.22	1.7035e+01	1.4710e+01
18.27	1.7050e+01	1.4781e+01
18.32	1.7083e+01	1.4854e+01
18.37	1.7105e+01	1.4924e+01
18.42	1.7116e+01	1.4996e+01
18.47	1.7156e+01	1.5065e+01
18.52	1.7176e+01	1.5135e+01
18.56	1.7188e+01	1.5202e+01
18.61	1.7206e+01	1.5265e+01
18.65	1.7225e+01	1.5334e+01
18.70	1.7259e+01	1.5398e+01
18.74	1.7280e+01	1.5465e+01
18.79	1.7290e+01	1.5527e+01
18.83	1.7295e+01	1.5592e+01
18.87	1.7322e+01	1.5652e+01
18.91	1.7340e+01	1.5716e+01
18.95	1.7365e+01	1.5774e+01
18.99	1.7372e+01	1.5836e+01
19.03	1.7392e+01	1.5891e+01
19.07	1.7396e+01	1.5951e+01
19.11	1.7425e+01	1.6005e+01
19.14	1.7435e+01	1.6063e+01
19.18	1.7459e+01	1.6114e+01
19.21	1.7455e+01	1.6170e+01
19.25	1.7475e+01	1.6220e+01
19.28	1.7487e+01	1.6274e+01
19.31	1.7509e+01	1.6321e+01
19.35	1.7519e+01	1.6371e+01
19.38	1.7531e+01	1.6417e+01
19.41	1.7547e+01	1.6470e+01
19.44	1.7558e+01	1.6510e+01
19.47	1.7578e+01	1.6559e+01
19.50	1.7580e+01	1.6599e+01
19.53	1.7572e+01	1.6646e+01
19.55	1.7591e+01	1.6682e+01
19.58	1.7613e+01	1.6727e+01
19.60	1.7610e+01	1.6761e+01
19.63	1.7607e+01	1.6804e+01
19.65	1.7616e+01	1.6837e+01
19.68	1.7631e+01	1.6876e+01
19.70	1.7655e+01	1.6905e+01
19.72	1.7643e+01	1.6943e+01
19.74	1.7645e+01	1.6970e+01
19.76	1.7639e+01	1.7004e+01
19.78	1.7655e+01	1.7029e+01
19.80	1.7663e+01	1.7060e+01
19.81	1.7647e+01	1.7083e+01
19.83	1.7657e+01	1.7113e+01
19.84	1.7666e+01	1.7134e+01
19.86	1.7666e+01	1.7161e+01
19.87	1.7673e+01	1.7179e+01
19.89	1.7666e+01	1.7205e+01
19.90	1.7664e+01	1.7220e+01
19.91	1.7662e+01	1.7243e+01
19.92	1.7664e+01	1.7255e+01
19.94	1.7667e+01	1.7276e+01
19.94	1.7666e+01	1.7286e+01
19.95	1.7651e+01	1.7304e+01
19.96	1.7642e+01	1.7311e+01
19.97	1.7647e+01	1.7326e+01
19.97	1.7640e+01	1.7331e+01
19.98	1.7641e+01	1.7342e+01
19.98	1.7625e+01	1.7347e+01
19.99	1.7622e+01	1.7354e+01
19.99	1.7564e+01	1.7359e+01
